257.5
257.1
256.9
256.7
256.5
256.4
256.2
256.0
255.9
255.9
256.0
256.2
256.5
256.7
257.0
257.3
257.5
257.7
257.9
258.0
258.0
257.9
257.7
257.5
257.2
256.8
256.5
256.0
255.5
255.0
254.5
254.0
253.7
253.6
253.7
253.9
254.2
254.5
254.9
255.4
255.9
256.5
257.1
257.5
257.9
258.2
258.4
258.5
258.7
258.7
258.7
258.6
258.5
258.3
258.2
258.1
257.9
257.7
257.5
257.2
256.9
256.6
256.4
256.1
255.8
255.5
255.1
254.7
254.4
254.1
253.8
253.6
253.5
253.4
253.3
253.2
253.0
252.7
252.5
252.3
252.0
251.7
251.5
251.3
251.1
251.0
250.9
250.9
251.1
251.3
251.5
251.9
252.3
252.6
252.9
253.2
253.4
253.6
253.9
254.1
254.3
254.4
254.4
254.4
254.4
254.3
254.2
254.1
253.9
253.7
253.6
253.5
253.5
253.5
253.5
253.5
253.6
253.7
253.8
253.8
253.8
253.6
253.4
252.9
252.5
251.9
251.4
250.8
250.3
249.7
249.3
248.7
248.3
247.9
247.7
247.5
247.5
247.5
247.5
247.5
247.7
247.9
248.3
248.6
249.0
249.4
249.7
250.0
250.1
250.2
250.2
250.1
250.1
250.2
250.4
250.6
250.9
251.1
251.4
251.6
251.7
251.7
251.7
251.6
251.5
251.2
250.8
250.5
250.2
249.9
249.7
249.7
249.7
249.7
249.7
249.7
249.6
249.6
249.6
249.6
249.6
249.7
249.8
250.0
250.2
250.5
250.5
250.6
250.5
250.4
250.1
249.8
249.5
249.1
248.7
248.4
247.8
247.4
247.0
246.7
246.5
246.4
246.2
246.0
245.8
245.7
245.6
245.5
245.4
245.3
248.2
248.1
248.1
248.0
247.9
247.8
247.8
247.8
247.6
247.4
247.1
246.8
246.6
246.5
246.4
246.4
246.3
246.2
246.1
246.1
246.1
246.0
245.9
245.8
245.7
245.6
245.5
245.4
245.3
245.2
245.1
245.0
245.0
245.0
245.0
245.2
245.3
245.4
245.4
245.5
245.5
245.6
245.7
245.8
245.9
246.0
246.0
246.0
246.0
246.0
246.0
245.9
245.8
245.7
245.6
245.5
245.5
245.5
245.5
245.5
245.5
245.5
245.8
246.1
246.4
246.6
246.9
247.2
247.4
247.5
247.6
247.8
247.9
247.9
248.0
248.1
248.3
248.5
248.6
248.8
249.1
249.3
249.4
249.5
249.6
249.7
249.8
249.8
249.8
249.7
249.7
250.3
250.4
250.5
250.4
250.4
250.4
250.4
250.4
250.4
250.4
250.3
250.2
250.1
250.0
250.0
250.0
250.1
250.3
250.5
250.7
251.0
251.3
251.5
251.8
252.0
252.1
252.1
252.0
251.8
251.6
251.4
251.0
250.6
250.2
249.7
249.4
249.0
248.6
248.3
248.0
247.7
247.5
247.6
247.9
248.5
249.2
250.1
251.1
252.2
253.3
254.3
255.2
255.8
256.2
256.2
256.0
255.5
254.8
254.0
253.3
252.5
251.8
251.3
250.9
250.6
250.5
250.5
250.5
250.5
250.7
250.7
250.7
250.7
250.7
250.7
250.8
251.0
251.2
251.3
251.4
251.5
251.6
251.8
252.0
252.1
252.2
252.2
252.1
252.0
252.0
